kinematics:
  shoulder:
    x: 0
    y: 0
    z: 0.1624820622640794
    roll: -0
    pitch: 0
    yaw: 5.80014687170938e-08
  upper_arm:
    x: 0.0001040371595307205
    y: 0
    z: 0
    roll: 1.570619437462397
    pitch: 0
    yaw: 3.760413996465449e-06
  forearm:
    x: -0.4252020224730118
    y: 0
    z: 0
    roll: 0.0010060874919018
    pitch: 0.0003060598905822487
    yaw: -1.025962120845977e-05
  wrist_1:
    x: -0.3927236465069602
    y: 0.0004288529352990483
    z: 0.1323411058243952
    roll: 3.138352152979491
    pitch: -3.13830280847984
    yaw: -3.141588869415634
  wrist_2:
    x: 6.498804884298334e-05
    y: -0.09981120153622836
    z: 6.559193532886853e-05
    roll: 1.570139166828108
    pitch: 0
    yaw: 4.210988542051102e-07
  wrist_3:
    x: 8.753043717349174e-05
    y: 0.09971480016589854
    z: 8.946360272165252e-05
    roll: 1.571693521379532
    pitch: 3.141592653589793
    yaw: 3.141592632675986
  hash: calib_5051731825082160341