kinematics:
  shoulder:
    x: 0
    y: 0
    z: 0.1626073106641751
    roll: -0
    pitch: 0
    yaw: -8.125008799791944e-08
  upper_arm:
    x: 0.0001915653018184194
    y: 0
    z: 0
    roll: 1.569503953705938
    pitch: 0
    yaw: -1.310984930824094e-05
  forearm:
    x: -0.4254852415994835
    y: 0
    z: 0
    roll: 0.003688221354226542
    pitch: 0.002727488980820154
    yaw: -6.432966965141254e-06
  wrist_1:
    x: -0.3927609746198986
    y: 0.0001832384537656478
    z: 0.1323165230168981
    roll: 3.140207805103382
    pitch: -3.136060922163869
    yaw: 3.141591585384058
  wrist_2:
    x: 1.691125118534026e-06
    y: -0.09978401154722787
    z: 0.0002804880383336309
    roll: 1.56798538248394
    pitch: 0
    yaw: 3.564779495597581e-06
  wrist_3:
    x: 2.87578294038997e-05
    y: 0.09958223568930082
    z: 0.0001113000936721762
    roll: 1.571913996493281
    pitch: 3.141592653589793
    yaw: -3.141592356293428
  hash: calib_5331948124435656466